design_point:
  medium: Air
  T_total_inlet:   288.15
  p_total_inlet:   101325
  p_static_outlet: 100000
  m_dot: 0.45359
  nRot: 375.45



volute:
  A1: 0.0075076  # r=97.77mm
  r1: 0.15606

  r3: 0.097145
  b3: 0.019806



nozzle_row:
  N:    14
  t_b:  0.0028    # 2.8mm

  r1:   0.0960    # 3.787 inch
  b1:   0.019806
  beta1: 0.57694  # radian, = 33.056 deg

  beta2: 0.38965

  r3:   0.0780    # 3.075 inch
  b3:    0.019806
  beta3: 0.20237  # radian, = 11.5950 deg

  L:    0.044278
  
  o:    0.011740
  r_th: 0.083688
  b_th: 0.019806



rotor:
  N:    11
  N_SB: 11
  F_SB: 0.333333
  b1:   0.018433
  b2:   0.025106
  b3:   0.034680
  beta1: 1.570796 # 90   deg
  beta3: 0.68417  # 39.2 deg
  r1:   0.076454  # 3.01 in
  r2:   0.043531
  r3:   0.036724
  L:    0.090985
  m3:   0.074654
  phi1: -1.57079
  phi3: 0
  o:    0.017539
  r_th: 0.036502
  b_th: 0.034695

  delta_c: 3.81e-4
  delta_d: 0.010
  



diffuser:
  z1: 0
  z2: 0.22860    # 9 inch
  r1: 0.036724
  r2: 0.105937
  b1: 0.034680
  b2: 0.029480
